49
35
44
46
48
60
57
49
0
49
56
39
50
57
49
7
25
59
49
50
51
40
57
28
0
36
52
62
57
51
37
54
51
51
138
53
6
62
33
59
60
41
46
45
54
66
36
63
53
56
47
59
52
0
44
54
0
40
47
46
50
59
60
40
56
75
26
51
0
48
39
48
0
44
51
47
104
101
45
49
42
60
59
47
63
49
44
39
38
47
61
65
55
58
0
62
55
0
61
41
40
59
50
57
40
57
1
53
48
14
47
54
42
53
29
55
58
62
55
104
51
58
49
36
57
37
54
49
54
42
46
56
62
45
28
86
69
55
48
39
34
48
45
56
32
19
9
40
50
23
42
164
48
62
197
4
31
52
49
45
53
55
62
19
178
0
0
0
49
124
55
168
0
64
46
58
51
43
54
57
50
67
112
111
52
60
43
53
60
223
65
76
63
65
43
52
57
15
52
53
52
45
50
62
52
54
57
67
42
58
57
72
33
64
13
21
42
44
57
53
24
66
53
53
50
125
20
31
76
87
7
62
41
54
44
54
59
49
66
55
65
3
40
40
61
54
28
54
53
40
20
30
61
144
50
67
31
18
40
61
49
51
34
60
57
54
58
60
131
58
28
52
77
65
48
52
57
0
53
46
53
66
52
53
57
45
46
17
0
30
50
51
45
50
49
45
57
63
30
45
59
66
33
53
30
57
62
47
48
50
62
47
56
43
60
49
39
50
40
30
62
55
39
44
30
54
39
54
52
50
46
55
47
54
0
52
55